1001 15001
1002 15001
1002 15002
1003 15002
1003 15003
1004 15003
1004 15004
1005 15004
1005 15005
1006 15005
1006 15006
1007 15006
1007 15007
1008 15007
1008 15008
1009 15008
1009 15009
1010 15009
1010 15010
1011 15010
1011 15011
1012 15011
1012 15012
1013 15012
1013 15013
1014 15013
1014 15014
1015 15014
1015 15015
1016 15015
1016 15016
1017 15016
1017 15017
1018 15017
1018 15018
1019 15018
1019 15019
1020 15019
1020 15020
1021 15020
1021 15021
1022 15021
1022 15022
1023 15022
1023 15023
1024 15023
1024 15024
1025 15024
1025 15025
1026 15025
1026 15026
1027 15026
1027 15027
1028 15027
1028 15028
1029 15028
1029 15029
1030 15029
1030 15030
1031 15030
1031 15031
1032 15031
1032 15032
1033 15032
1033 15033
1034 15033
1034 15034
1035 15034
1035 15035
1036 15035
1036 15036
1037 15036
1037 15037
1038 15037
1038 15038
1039 15038
1039 15039
1040 15039
1040 15040
1041 15040
1041 15041
1042 15041
1042 15042
1043 15042
1043 15043
1044 15043
1044 15044
1045 15044
1045 15045
1046 15045
1046 15046
1047 15046
1047 15047
1048 15047
1048 15048
1049 15048
1049 15049
1050 15049
1050 15050
1051 15050
1051 15051
1052 15051
1052 15052
1053 15052
1053 15053
1054 15053
1054 15054
1055 15054
1055 15055
1056 15055
1056 15056
1057 15056
1057 15057
1058 15057
1058 15058
1059 15058
1059 15059
1060 15059
1060 15060
1061 15060
1061 15061
1062 15061
1062 15062
1063 15062
1063 15063
1064 15063
1064 15064
1065 15064
1065 15065
1066 15065
1066 15066
1067 15066
1067 15067
1068 15067
1068 15068
1069 15068
1069 15069
1070 15069
1070 15070
1071 15070
1071 15071
1072 15071
1072 15072
1073 15072
1073 15073
1074 15073
1074 15074
1075 15074
1075 15075
1076 15075
1076 15076
1077 15076
1077 15077
1078 15077
1078 15078
1079 15078
1079 15079
1080 15079
1080 15080
1081 15080
1081 15081
1082 15081
1082 15082
1083 15082
1083 15083
1084 15083
1084 15084
1085 15084
1085 15085
1086 15085
1086 15086
1087 15086
1087 15087
1088 15087
1088 15088
1089 15088
1089 15089
1090 15089
1090 15090
1091 15090
1091 15091
1092 15091
1092 15092
1093 15092
1093 15093
1094 15093
1094 15094
1095 15094
1095 15095
1096 15095
1096 15096
1097 15096
1097 15097
1098 15097
1098 15098
1099 15098
1099 15099
1100 15099
1100 15100
1101 15100
1101 15101
1102 15101
1102 15102
1103 15102
1103 15103
1104 15103
1104 15104
1105 15104
1105 15105
1106 15105
1106 15106
1107 15106
1107 15107
1108 15107
1108 15108
1109 15108
1109 15109
1110 15109
1110 15110
1111 15110
1111 15111
1112 15111
1112 15112
1113 15112
1113 15113
1114 15113
1114 15114
1115 15114
1115 15115
1116 15115
1116 15116
1117 15116
1117 15117
1118 15117
1118 15118
1119 15118
1119 15119
1120 15119
1120 15120
1121 15120
1121 15121
1122 15121
1122 15122
1123 15122
1123 15123
1124 15123
1124 15124
1125 15124
1125 15125
1126 15125
1126 15126
1127 15126
1127 15127
1128 15127
1128 15128
1129 15128
1129 15129
1130 15129
1130 15130
1131 15130
1131 15131
1132 15131
1132 15132
1133 15132
1133 15133
1134 15133
1134 15134
1135 15134
1135 15135
1136 15135
1136 15136
1137 15136
1137 15137
1138 15137
1138 15138
1139 15138
1139 15139
1140 15139
1140 15140
1141 15140
1141 15141
1142 15141
1142 15142
1143 15142
1143 15143
1144 15143
1144 15144
1145 15144
1145 15145
1146 15145
1146 15146
1147 15146
1147 15147
1148 15147
1148 15148
1149 15148
1149 15149
1150 15149
1150 15150
1151 15150
1151 15151
1152 15151
1152 15152
1153 15152
1153 15153
1154 15153
1154 15154
1155 15154
1155 15155
1156 15155
1156 15156
1157 15156
1157 15157
1158 15157
1158 15158
1159 15158
1159 15159
1160 15159
1160 15160
1161 15160
1161 15161
1162 15161
1162 15162
1163 15162
1163 15163
1164 15163
1164 15164
1165 15164
1165 15165
1166 15165
1166 15166
1167 15166
1167 15167
1168 15167
1168 15168
1169 15168
1169 15169
1170 15169
1170 15170
1171 15170
1171 15171
1172 15171
1172 15172
1173 15172
1173 15173
1174 15173
1174 15174
1175 15174
1175 15175
1176 15175
1176 15176
1177 15176
1177 15177
1178 15177
1178 15178
1179 15178
1179 15179
1180 15179
1180 15180
1181 15180
1181 15181
1182 15181
1182 15182
1183 15182
1183 15183
1184 15183
1184 15184
1185 15184
1185 15185
1186 15185
1186 15186
1187 15186
1187 15187
1188 15187
1188 15188
1189 15188
1189 15189
1190 15189
1190 15190
1191 15190
1191 15191
1192 15191
1192 15192
1193 15192
1193 15193
1194 15193
1194 15194
1195 15194
1195 15195
1196 15195
1196 15196
1197 15196
1197 15197
1198 15197
1198 15198
1199 15198
1199 15199
1200 15199
1200 15200
1201 15200
1201 15201
1202 15201
1202 15202
1203 15202
1203 15203
1204 15203
1204 15204
1205 15204
1205 15205
1206 15205
1206 15206
1207 15206
1207 15207
1208 15207
1208 15208
1209 15208
1209 15209
1210 15209
1210 15210
1211 15210
1211 15211
1212 15211
1212 15212
1213 15212
1213 15213
1214 15213
1214 15214
1215 15214
1215 15215
1216 15215
1216 15216
1217 15216
1217 15217
1218 15217
1218 15218
1219 15218
1219 15219
1220 15219
1220 15220
1221 15220
1221 15221
1222 15221
1222 15222
1223 15222
1223 15223
1224 15223
1224 15224
1225 15224
1225 15225
1226 15225
1226 15226
1227 15226
1227 15227
1228 15227
1228 15228
1229 15228
1229 15229
1230 15229
1230 15230
1231 15230
1231 15231
1232 15231
1232 15232
1233 15232
1233 15233
1234 15233
1234 15234
1235 15234
1235 15235
1236 15235
1236 15236
1237 15236
1237 15237
1238 15237
1238 15238
1239 15238
1239 15239
1240 15239
1240 15240
1241 15240
1241 15241
1242 15241
1242 15242
1243 15242
1243 15243
1244 15243
1244 15244
1245 15244
1245 15245
1246 15245
1246 15246
1247 15246
1247 15247
1248 15247
1248 15248
1249 15248
1249 15249
1250 15249
1250 15250
1251 15250
1251 15251
1252 15251
1252 15252
1253 15252
1253 15253
1254 15253
1254 15254
1255 15254
1255 15255
1256 15255
1256 15256
1257 15256
1257 15257
1258 15257
1258 15258
1259 15258
1259 15259
1260 15259
1260 15260
1261 15260
1261 15261
1262 15261
1262 15262
1263 15262
1263 15263
1264 15263
1264 15264
1265 15264
1265 15265
1266 15265
1266 15266
1267 15266
1267 15267
1268 15267
1268 15268
1269 15268
1269 15269
1270 15269
1270 15270
1271 15270
1271 15271
1272 15271
1272 15272
1273 15272
1273 15273
1274 15273
1274 15274
1275 15274
1275 15275
1276 15275
1276 15276
1277 15276
1277 15277
1278 15277
1278 15278
1279 15278
1279 15279
1280 15279
1280 15280
1281 15280
1281 15281
1282 15281
1282 15282
1283 15282
1283 15283
1284 15283
1284 15284
1285 15284
1285 15285
1286 15285
1286 15286
1287 15286
1287 15287
1288 15287
1288 15288
1289 15288
1289 15289
1290 15289
1290 15290
1291 15290
1291 15291
1292 15291
1292 15292
1293 15292
1293 15293
1294 15293
1294 15294
1295 15294
1295 15295
1296 15295
1296 15296
1297 15296
1297 15297
1298 15297
1298 15298
1299 15298
1299 15299
1300 15299
1300 15300
1301 15300
1301 15301
1302 15301
1302 15302
1303 15302
1303 15303
1304 15303
1304 15304
1305 15304
1305 15305
1306 15305
1306 15306
1307 15306
1307 15307
1308 15307
1308 15308
1309 15308
1309 15309
1310 15309
1310 15310
1311 15310
1311 15311
1312 15311
1312 15312
1313 15312
1313 15313
1314 15313
1314 15314
1315 15314
1315 15315
1316 15315
1316 15316
1317 15316
1317 15317
1318 15317
1318 15318
1319 15318
1319 15319
1320 15319
1320 15320
1321 15320
1321 15321
1322 15321
1322 15322
1323 15322
1323 15323
1324 15323
1324 15324
1325 15324
1325 15325
1326 15325
1326 15326
1327 15326
1327 15327
1328 15327
1328 15328
1329 15328
1329 15329
1330 15329
1330 15330
1331 15330
1331 15331
1332 15331
1332 15332
1333 15332
1333 15333
1334 15333
1334 15334
1335 15334
1335 15335
1336 15335
1336 15336
1337 15336
1337 15337
1338 15337
1338 15338
1339 15338
1339 15339
1340 15339
1340 15340
1341 15340
1341 15341
1342 15341
1342 15342
1343 15342
1343 15343
1344 15343
1344 15344
1345 15344
1345 15345
1346 15345
1346 15346
1347 15346
1347 15347
1348 15347
1348 15348
1349 15348
1349 15349
1350 15349
1350 15350
1351 15350
1351 15351
1352 15351
1352 15352
1353 15352
1353 15353
1354 15353
1354 15354
1355 15354
1355 15355
1356 15355
1356 15356
1357 15356
1357 15357
1358 15357
1358 15358
1359 15358
1359 15359
1360 15359
1360 15360
1361 15360
1361 15361
1362 15361
1362 15362
1363 15362
1363 15363
1364 15363
1364 15364
1365 15364
1365 15365
1366 15365
1366 15366
1367 15366
1367 15367
1368 15367
1368 15368
1369 15368
1369 15369
1370 15369
1370 15370
1371 15370
1371 15371
1372 15371
1372 15372
1373 15372
1373 15373
1374 15373
1374 15374
1375 15374
1375 15375
1376 15375
1376 15376
1377 15376
1377 15377
1378 15377
1378 15378
1379 15378
1379 15379
1380 15379
1380 15380
1381 15380
1381 15381
1382 15381
1382 15382
1383 15382
1383 15383
1384 15383
1384 15384
1385 15384
1385 15385
1386 15385
1386 15386
1387 15386
1387 15387
1388 15387
1388 15388
1389 15388
1389 15389
1390 15389
1390 15390
1391 15390
1391 15391
1392 15391
1392 15392
1393 15392
1393 15393
1394 15393
1394 15394
1395 15394
1395 15395
1396 15395
1396 15396
1397 15396
1397 15397
1398 15397
1398 15398
1399 15398
1399 15399
1400 15399
1400 15400
1401 15400
1401 15401
1402 15401
1402 15402
1403 15402
1403 15403
1404 15403
1404 15404
1405 15404
1405 15405
1406 15405
1406 15406
1407 15406
1407 15407
1408 15407
1408 15408
1409 15408
1409 15409
1410 15409
1410 15410
1411 15410
1411 15411
1412 15411
1412 15412
1413 15412
1413 15413
1414 15413
1414 15414
1415 15414
1415 15415
1416 15415
1416 15416
1417 15416
1417 15417
1418 15417
1418 15418
1419 15418
1419 15419
1420 15419
1420 15420
1421 15420
1421 15421
1422 15421
1422 15422
1423 15422
1423 15423
1424 15423
1424 15424
1425 15424
1425 15425
1426 15425
1426 15426
1427 15426
1427 15427
1428 15427
1428 15428
1429 15428
1429 15429
1430 15429
1430 15430
1431 15430
1431 15431
1432 15431
1432 15432
1433 15432
1433 15433
1434 15433
1434 15434
1435 15434
1435 15435
1436 15435
1436 15436
1437 15436
1437 15437
1438 15437
1438 15438
1439 15438
1439 15439
1440 15439
1440 15440
1441 15440
1441 15441
1442 15441
1442 15442
1443 15442
1443 15443
1444 15443
1444 15444
1445 15444
1445 15445
1446 15445
1446 15446
1447 15446
1447 15447
1448 15447
1448 15448
1449 15448
1449 15449
1450 15449
1450 15450
1451 15450
1451 15451
1452 15451
1452 15452
1453 15452
1453 15453
1454 15453
1454 15454
1455 15454
1455 15455
1456 15455
1456 15456
1457 15456
1457 15457
1458 15457
1458 15458
1459 15458
1459 15459
1460 15459
1460 15460
1461 15460
1461 15461
1462 15461
1462 15462
1463 15462
1463 15463
1464 15463
1464 15464
1465 15464
1465 15465
1466 15465
1466 15466
1467 15466
1467 15467
1468 15467
1468 15468
1469 15468
1469 15469
1470 15469
1470 15470
1471 15470
1471 15471
1472 15471
1472 15472
1473 15472
1473 15473
1474 15473
1474 15474
1475 15474
1475 15475
1476 15475
1476 15476
1477 15476
1477 15477
1478 15477
1478 15478
1479 15478
1479 15479
1480 15479
1480 15480
1481 15480
1481 15481
1482 15481
1482 15482
1483 15482
1483 15483
1484 15483
1484 15484
1485 15484
1485 15485
1486 15485
1486 15486
1487 15486
1487 15487
1488 15487
1488 15488
1489 15488
1489 15489
1490 15489
1490 15490
1491 15490
1491 15491
1492 15491
1492 15492
1493 15492
1493 15493
1494 15493
1494 15494
1495 15494
1495 15495
1496 15495
1496 15496
1497 15496
1497 15497
1498 15497
1498 15498
1499 15498
1499 15499
1500 15499
1500 15500
1501 15500
